0||||||0|202211131139
1||||||0|202211131139
2||||||0|202211131139
3||||||0|202211131139
4||||||0|202211131139
5||||||0|202211131139
6||||||0|202211131139
7||||||0|202211131139
8||||||0|202211131139
9||||||0|202211131139
10||||||0|202211131139
11||||||0|202211131139
12||||||0|202211131139
13||||||0|202211131139
14||||||0|202211131139
15||||||0|202211131139
16||||||0|202211131139
17||||||0|202211131139
18||||||0|202211131139
19||||||0|202211131139
20||||||0|202211131139
21||||||0|202211131139
22||||||0|202211131139
23||||||0|202211131139
24||||||0|202211131139
26||||||0|202211131139
27||||||0|202211131139
28||||||0|202211131139
29||||||0|202211131139
30||||||0|202211131139
32||||||0|202211131139
31||||||0|202211131139
33||||||0|202211131139
34||||||0|202211131139
35||||||0|202211131139
36||||||0|202211131139
38||||||0|202211131139
40||||||0|202211131139
41||||||0|202211131139
42||||||0|202211131139
44||||||0|202211131139
25||||||0|202211131139
37||||||0|202211131139
45||||||0|202211131139
39||||||0|202211131139
43||||||0|202211131139
46||||||0|202211131139
47||||||0|202211131139
48||||||0|202211131139
49||||||0|202211131139
51||||||0|202211131139
52||||||0|202211131139
53||||||0|202211131139
54||||||0|202211131139
55||||||0|202211131139
56||||||0|202211131139
58||||||0|202211131139
0.0|57.76403,40.957688; 57.465109,40.552827|Расстояние --46 км|46166.26067829132|2734.945741608739|2785.3038564026356|1|202211131139
1.0|55.773373,37.605786; 55.754568,37.609586|Расстояние --5.2 км|5159.812220573425|893.014925390482|639.0037018954754|1|202211131139
2.0|56.971192,40.974487; 56.824809,41.400594|Расстояние --34 км|34158.27350354195|2727.6301125884056|2763.637586325407|1|202211131139
3.0|56.971192,40.974487; 56.828217,41.408652|Расстояние --34 км|34477.63023638725|2694.315930068493|2954.449778199196|1|202211131139
4.0|56.971192,40.974487; 56.965923,41.018989|Расстояние --5.3 км|5298.013810157776|651.6721784174442|474.7825809121132|1|202211131139
50||||||0|202211131139
5.0|55.773373,37.605786; 55.531132,38.874756|Расстояние --100 км|100506.01232123375|7525.933949410915|6813.459861204028|1|202211131139
6.0|54.776482,32.016091; 55.083575,33.071001|Расстояние --110 км|111331.5782968998|5299.107964523137|6575.740640863776|1|202211131139
7.0|54.776482,32.016091; 54.811892,32.024257|Расстояние --8.0 км|8008.347764492035|991.5013049840927|816.6185682117939|1|202211131139
8.0|54.515377,36.255241; 54.009909,38.27434|Расстояние --160 км|163266.70140433311|8320.762300759554|10301.356647357345|1|202211131139
9.0|55.773373,37.605786; 55.818776,37.521354|Расстояние --11 км|10931.680755257607|825.5901657827199|844.2882130742073|1|202211131139
10.0|54.515377,36.255241; 54.157576,37.582071|Расстояние --100 км|104637.2747323513|4913.626194909215|6549.788566082716|1|202211131139
57||||||0|202211131139
11.0|55.773373,37.605786; 55.568329,37.596758|Расстояние --29 км|28745.815037727356|2876.476577028632|2257.2873293422163|1|202211131139
12.0|54.515377,36.255241; 54.781052,35.926916|Расстояние --43 км|43093.12545025349|2670.537996660918|3084.0005842894316|1|202211131139
13.0|54.776482,32.016091; 54.76957,32.070511|Расстояние --4.3 км|4289.95575261116|657.8384358882904|487.13775569200516|1|202211131139
14.0|55.773373,37.605786; 55.916678,37.759264|Расстояние --24 км|24492.01214802265|1658.6814180836082|1706.616967856884|1|202211131139
15.0|55.773373,37.605786; 56.816114,35.989053|Расстояние --170 км|169990.968860507|6859.368189681321|7706.630407735705|1|202211131139
16.0|56.971192,40.974487; 56.997656,41.013123|Расстояние --4.7 км|4682.019412994385|630.7769271731377|432.0744472146034|1|202211131139
18.0|51.718076,36.132226; 52.129588,34.497068|Расстояние --190 км|189612.9852079451|8604.921931371093|11973.336513876915|1|202211131139
17.0|56.11985,40.361872; 54.589994,39.541647|Расстояние --260 км|255439.02448248863|12751.039551451802|15376.070097669959|1|202211131139
19.0|55.773373,37.605786; 54.898235,38.078749|Расстояние --110 км|112404.87186181545|6788.042048960924|6099.684742756188|1|202211131139
20.0|56.971192,40.974487; 56.967841,41.966406|Расстояние --80 км|80007.67151403427|4959.763878315687|5286.89917871356|1|202211131139
21.0|54.515377,36.255241; 54.193702,37.612039|Расстояние --110 км|105454.72413468361|5643.158908620477|6835.193539887667|1|202211131139
22.0|54.515377,36.255241; 54.203525,37.590237|Расстояние --100 км|103282.54240489006|5167.725577548146|6637.242334216833|1|202211131139
23.0|54.515377,36.255241; 54.203856,37.515703|Расстояние --98 км|97564.0097026825|4640.868310108781|6074.2804408073425|1|202211131139
24.0|54.515377,36.255241; 54.474303,38.727863|Расстояние --200 км|195736.82976579666|10261.367839753628|12518.406101696193|1|202211131139
25.0|54.515377,36.255241; 54.47357,38.727001|Расстояние --200 км|195750.58087587357|10265.878369390965|12527.51182924956|1|202211131139
26.0|54.515377,36.255241; 54.043499,38.250813|Расстояние --170 км|165726.28635764122|8563.636759728193|10614.198300644755|1|202211131139
27.0|54.515377,36.255241; 54.042431,38.248836|Расстояние --170 км|165831.07780098915|8521.799200966954|10570.000378564|1|202211131139
28.0|54.515377,36.255241; 53.708027,37.300997|Расстояние --150 км|145957.35106122494|7677.595771506429|8772.906740561128|1|202211131139
29.0|55.773373,37.605786; 55.728398,38.034382|Расстояние --38 км|37530.901339292526|4124.322868019342|3109.6191963404417|1|202211131139
30.0|56.971192,40.974487; 56.969038,40.939479|Расстояние --4.9 км|4949.549310684204|829.7862587571144|752.7356516718864|1|202211131139
31.0|56.971192,40.974487; 56.974003,40.929697|Расстояние --4.5 км|4501.482877612114|579.6066642105579|543.0405797809362|1|202211131139
32.0|54.515377,36.255241; 55.121216,36.571421|Расстояние --84 км|83767.57057023048|4558.079714141786|5640.632308721542|1|202211131139
33.0|55.773373,37.605786; 55.923942,38.001405|Расстояние --37 км|37188.73658311367|3556.787692308426|3135.6455352157354|1|202211131139
34.0|55.773373,37.605786; 55.950539,37.106413|Расстояние --40 км|40208.807361245155|3172.817590493709|2971.2353121489286|1|202211131139
35.0|55.773373,37.605786; 55.531132,38.874756|Расстояние --100 км|100506.01232123375|7525.933949410915|6813.459861204028|1|202211131139
36.0|55.773373,37.605786; 56.821814,35.976656|Расстояние --170 км|170941.31207549572|6874.196254897863|7739.662063285708|1|202211131139
37.0|47.215903,39.705868; 47.291017,39.852814|Расстояние --17 км|16813.953374385834|1738.117493569851|1709.0736599564552|1|202211131139
38.0|53.214049,50.185398; 53.231031,50.59512|Расстояние --37 км|36678.141495227814|2712.1916044428945|2961.6671420410275|1|202211131139
39.0|55.024549,82.92652; 54.941901,82.916459|Расстояние --13 км|13055.866229891777|1632.683204844594|1326.3704624921083|1|202211131139
40.0|55.773373,37.605786; 56.835446,35.945287|Расстояние --180 км|175064.33299791813|7409.30422751978|8300.385488435626|1|202211131139
41.0|57.76403,40.957688; 57.440839,42.136745|Расстояние --130 км|129511.86486232281|6398.723039668053|7617.750964421779|1|202211131139
42.0|54.515377,36.255241; 54.188228,37.542392|Расстояние --100 км|102863.67336082458|5015.445407703519|6512.340097039938|1|202211131139
43.0|55.773373,37.605786; 55.598217,36.46984|Расстояние --85 км|85171.47512555122|4569.908825803548|4881.54825566709|1|202211131139
44.0|54.515377,36.255241; 54.33941,34.548056|Расстояние --130 км|132481.40146791935|6192.016635518521|7051.290847405791|1|202211131139
45.0|53.237014,34.358826; 53.928148,34.556698|Расстояние --94 км|94025.76276659966|5353.978744477034|7334.746858924627|1|202211131139
46.0|54.515377,36.255241; 54.33941,34.548056|Расстояние --130 км|132481.40146791935|6193.5996854119|7051.290847405791|1|202211131139
47.0|53.237014,34.358826; 54.069022,34.228489|Расстояние --110 км|110222.33007729053|5787.57228769362|8170.5849851071835|1|202211131139
48.0|55.773373,37.605786; 56.316129,38.132532|Расстояние --75 км|75208.28979444504|3941.111304692924|4554.287079751492|1|202211131139
49.0|54.515377,36.255241; 54.188228,37.542392|Расстояние --100 км|102863.67336082458|5015.445407703519|6512.340097039938|1|202211131139
51.0|55.773373,37.605786; 55.750282,38.00683|Расстояние --34 км|34093.351137161255|3470.6086704283953|2631.5043014734983|1|202211131139
52.0|54.776482,32.016091; 55.087007,31.970565|Расстояние --41 км|41242.678629398346|3198.8513331860304|3237.5557086765766|1|202211131139
53.0|54.776482,32.016091; 53.948448,32.850941|Расстояние --110 км|112539.3832821846|5700.235293582082|7912.362254291773|1|202211131139
54.0|55.773373,37.605786; 55.50493,36.027941|Расстояние --110 км|110963.41221821308|5499.329421240836|6210.284089550376|1|202211131139
50.0|54.515377,36.255241; 54.01129,38.263784|Расстояние --160 км|162946.24553894997|8363.260312020779|10301.32572953403|1|202211131139
56.0|55.773373,37.605786; 55.511185,37.565219|Расстояние --36 км|35741.84811556339|3325.8132063746452|2791.664154212922|1|202211131139
57.0|54.515377,36.255241; 55.214804,34.303436|Расстояние --180 км|181039.95859754086|8290.365428801626|11500.04421748221|1|202211131139
58.0|54.776482,32.016091; 52.825797,22.784465|Расстояние --790 км|786390.5806919336|32035.331694103777|35305.96599441767|1|202211131139
0.0|57.635709,39.882917; 57.465109,40.552827|Расстояние --75 км|74758.97665834427|4436.171962052584|5131.926848262548|2|202211131139
55.0|53.237014,34.358826; 53.309683,34.308727|Расстояние --10 км|10373.625465393066|1204.3303097188473|1210.9534285962582|1|202211131139
2.0|56.11985,40.361872; 56.824809,41.400594|Расстояние --130 км|129452.91498875618|6668.9984129965305|8246.712495431304|2|202211131139
1.0|54.515377,36.255241; 55.754568,37.609586|Расстояние --180 км|181462.70162165165|9889.71100012213|11188.586423441768|2|202211131139
3.0|56.11985,40.361872; 56.828217,41.408652|Расстояние --130 км|129563.771743536|6750.5858690440655|8381.822225734591|2|202211131139
4.0|57.76403,40.957688; 56.965923,41.018989|Расстояние --110 км|109693.6030472517|6026.768527444452|6801.131191555411|2|202211131139
5.0|56.11985,40.361872; 55.531132,38.874756|Расстояние --140 км|141415.84150135517|7308.132343798876|8819.898976117373|2|202211131139
6.0|54.515377,36.255241; 55.083575,33.071001|Расстояние --270 км|272048.20897603035|12036.966151233763|16772.212417796254|2|202211131139
7.0|53.237014,34.358826; 54.811892,32.024257|Расстояние --250 км|252008.97721844912|12838.542071901262|18157.43451742083|2|202211131139
9.0|54.515377,36.255241; 55.818776,37.521354|Расстояние --190 км|194889.06995809078|9994.807460151613|11497.978879526258|2|202211131139
10.0|55.773373,37.605786; 54.157576,37.582071|Расстояние --200 км|199709.58531427383|10082.035940259695|9296.491717666388|2|202211131139
11.0|54.515377,36.255241; 55.568329,37.596758|Расстояние --180 км|176608.30440676212|9030.841781713068|10489.748477607965|2|202211131139
8.0|52.603773,39.598627; 54.009909,38.27434|Расстояние --220 км|215853.740981102|11467.868077412248|12564.245610535145|2|202211131139
12.0|55.773373,37.605786; 54.781052,35.926916|Расстояние --190 км|191561.5356465578|9650.90222177282|10918.170051932335|2|202211131139
13.0|53.237014,34.358826; 54.76957,32.070511|Расстояние --240 км|242760.78510290384|11960.458290301263|17438.77536163479|2|202211131139
14.0|56.11985,40.361872; 55.916678,37.759264|Расстояние --200 км|200127.84135210514|8758.86217468232|10518.46872228384|2|202211131139
15.0|57.635709,39.882917; 56.816114,35.989053|Расстояние --340 км|336086.3329074383|16036.593017488718|19394.956511735916|2|202211131139
16.0|57.76403,40.957688; 56.997656,41.013123|Расстояние --110 км|107617.90865981579|5810.032344605774|6657.702879432589|2|202211131139
17.0|55.773373,37.605786; 54.589994,39.541647|Расстояние --210 км|211589.59521090984|11135.988344453275|12248.87605535239|2|202211131139
18.0|53.237014,34.358826; 52.129588,34.497068|Расстояние --140 км|139525.28453183174|6475.715487316251|8076.580704212189|2|202211131139
19.0|54.515377,36.255241; 54.898235,38.078749|Расстояние --190 км|188154.96133422852|8665.848105818033|10818.988193832338|2|202211131139
20.0|57.76403,40.957688; 56.967841,41.966406|Расстояние --150 км|146918.26050126553|7815.606204729527|9152.466750565916|2|202211131139
21.0|55.773373,37.605786; 54.193702,37.612039|Расстояние --190 км|189368.9348385334|10187.34679850936|9132.322298824787|2|202211131139
22.0|55.773373,37.605786; 54.203525,37.590237|Расстояние --190 км|190151.7530939579|10188.183872818947|9200.80731099844|2|202211131139
23.0|55.773373,37.605786; 54.203856,37.515703|Расстояние --190 км|189304.22033667564|9544.517655164003|8710.561297595501|2|202211131139
24.0|55.773373,37.605786; 54.474303,38.727863|Расстояние --180 км|184463.74073183537|9587.42690910399|8937.850875891745|2|202211131139
26.0|52.603773,39.598627; 54.043499,38.250813|Расстояние --220 км|220424.12596166134|11984.956779792905|12990.848067596555|2|202211131139
27.0|52.603773,39.598627; 54.042431,38.248836|Расстояние --220 км|220528.91740500927|11936.468462020159|12946.6501455158|2|202211131139
28.0|52.603773,39.598627; 53.708027,37.300997|Расстояние --270 км|274546.29045403004|13617.710130050778|14313.28989316523|2|202211131139
29.0|56.11985,40.361872; 55.728398,38.034382|Расстояние --160 км|164931.9306653738|9010.211881816387|9993.254965558648|2|202211131139
30.0|57.76403,40.957688; 56.969038,40.939479|Расстояние --110 км|109909.33851349354|6326.9671288095415|7146.482840213925|2|202211131139
31.0|57.76403,40.957688; 56.974003,40.929697|Расстояние --110 км|112559.5720899105|6332.106193777174|7087.971409667283|2|202211131139
32.0|55.773373,37.605786; 55.121216,36.571421|Расстояние --110 км|111680.88102817535|6616.211902875453|6812.486905582249|2|202211131139
33.0|56.11985,40.361872; 55.923942,38.001405|Расстояние --170 км|167192.0659800768|9050.470551528037|10047.466985926032|2|202211131139
34.0|54.515377,36.255241; 55.950539,37.106413|Расстояние --210 км|205835.59677517414|11244.536838717759|12652.69326145947|2|202211131139
25.0|55.773373,37.605786; 54.47357,38.727001|Расстояние --180 км|184477.49184191227|9595.138349547982|8946.956603445113|2|202211131139
35.0|56.11985,40.361872; 55.531132,38.874756|Расстояние --140 км|141415.84150135517|7308.132343798876|8819.898976117373|2|202211131139
36.0|57.635709,39.882917; 56.821814,35.976656|Расстояние --330 км|334875.6761395931|15901.889199584723|19231.862894058228|2|202211131139
37.0|45.120885,39.046585; 47.291017,39.852814|Расстояние --280 км|278814.9398751259|11381.924231439829|15716.401389732957|2|202211131139
38.0|54.319039,48.398766; 53.231031,50.59512|Расстояние --250 км|252219.59695744514|12917.006614878774|16529.73435333371|2|202211131139
39.0|53.349209,83.784816; 54.941901,82.916459|Расстояние --220 км|223253.91976618767|11087.207254782319|13110.017783366144|2|202211131139
40.0|57.635709,39.882917; 56.835446,35.945287|Расстояние --330 км|333482.09707164764|15979.446228057146|19285.653398752213|2|202211131139
41.0|56.971192,40.974487; 57.440839,42.136745|Расстояние --100 км|102818.77558708191|5101.925302296877|5608.390257760882|2|202211131139
42.0|55.773373,37.605786; 54.188228,37.542392|Расстояние --200 км|195603.88393855095|9950.471354961395|9123.30688598752|2|202211131139
43.0|54.515377,36.255241; 55.598217,36.46984|Расстояние --160 км|157859.8642475605|8872.576056372374|9591.691327661276|2|202211131139
44.0|53.237014,34.358826; 54.33941,34.548056|Расстояние --150 км|148713.10011518002|7555.38242302835|10283.712872162461|2|202211131139
45.0|54.515377,36.255241; 53.928148,34.556698|Расстояние --180 км|183577.56458842754|7978.8195899911225|10251.790227785707|2|202211131139
46.0|53.237014,34.358826; 54.33941,34.548056|Расстояние --150 км|148713.10011518002|7555.38242302835|10283.712872162461|2|202211131139
47.0|54.515377,36.255241; 54.069022,34.228489|Расстояние --180 км|176654.03127563|8211.117857333273|9439.717712908983|2|202211131139
48.0|56.11985,40.361872; 56.316129,38.132532|Расстояние --180 км|178212.06391394138|8672.28820163384|10527.4779099226|2|202211131139
49.0|55.773373,37.605786; 54.188228,37.542392|Расстояние --200 км|195603.88393855095|9950.471354961395|9123.30688598752|2|202211131139
50.0|52.603773,39.598627; 54.01129,38.263784|Расстояние --220 км|216128.2851318121|11398.189178600907|12513.697692140937|2|202211131139
51.0|56.11985,40.361872; 55.750282,38.00683|Расстояние --160 км|163054.18045771122|8666.369916141033|9642.171631768346|2|202211131139
52.0|53.237014,34.358826; 55.087007,31.970565|Расстояние --290 км|285243.3080833554|15052.798104949296|20578.37165788561|2|202211131139
53.0|53.237014,34.358826; 53.948448,32.850941|Расстояние --140 км|135931.31259083748|6722.78273242712|10020.892402783036|2|202211131139
54.0|54.515377,36.255241; 55.50493,36.027941|Расстояние --140 км|135453.001460433|7693.827827025205|8336.62599837035|2|202211131139
55.0|54.515377,36.255241; 53.309683,34.308727|Расстояние --240 км|236831.5272165537|10608.23718977347|13696.708966165781|2|202211131139
56.0|54.515377,36.255241; 55.511185,37.565219|Расстояние --170 км|167439.13734155893|8868.2449227795|10610.20169550553|2|202211131139
57.0|54.776482,32.016091; 55.214804,34.303436|Расстояние --170 км|174048.82808876038|7197.965835489333|9872.542629033327|2|202211131139
0.0|56.971192,40.974487; 57.465109,40.552827|Расстояние --140 км|139580.67125213146|7238.7830030322075|8323.682154182345|3|202211131139
58.0|53.237014,34.358826; 52.825797,22.784465|Расстояние --970 км|972524.1117140055|41073.42874930799|51845.34252388775|2|202211131139
1.0|56.11985,40.361872; 55.754568,37.609586|Расстояние --180 км|182028.04165816307|10388.703987896442|11022.202255509794|3|202211131139
2.0|57.76403,40.957688; 56.824809,41.400594|Расстояние --130 км|130073.73401486874|6855.060962628573|8645.923653934151|3|202211131139
3.0|57.76403,40.957688; 56.828217,41.408652|Расстояние --130 км|130184.59076964855|6936.648418676108|8781.033384237438|3|202211131139
4.0|57.635709,39.882917; 56.965923,41.018989|Расстояние --120 км|122375.01891064644|7190.833353340626|7441.558327496052|3|202211131139
5.0|54.515377,36.255241; 55.531132,38.874756|Расстояние --230 км|234136.40167045593|12704.520982302725|14603.564598627388|3|202211131139
6.0|53.237014,34.358826; 55.083575,33.071001|Расстояние --290 км|288772.90763282776|13877.23835900426|19378.164082750678|3|202211131139
7.0|54.515377,36.255241; 54.811892,32.024257|Расстояние --350 км|347713.9783127308|15054.076782811433|20867.56353378296|3|202211131139
8.0|55.773373,37.605786; 54.009909,38.27434|Расстояние --230 км|225872.71209180355|10696.053102508187|11553.698550663888|3|202211131139
9.0|56.11985,40.361872; 55.818776,37.521354|Расстояние --200 км|197879.11011135578|9885.321486622095|11536.935220062733|3|202211131139
10.0|52.603773,39.598627; 54.157576,37.582071|Расстояние --300 км|296636.3145675659|13156.613527469337|16476.046791099012|3|202211131139
11.0|56.11985,40.361872; 55.568329,37.596758|Расстояние --200 км|202303.74440395832|13554.956420212984|11583.23505525291|3|202211131139
12.0|53.237014,34.358826; 54.781052,35.926916|Расстояние --240 км|237996.32385706902|10121.172855518758|13451.793589904904|3|202211131139
13.0|54.515377,36.255241; 54.76957,32.070511|Расстояние --350 км|351389.9862408638|15234.692653540522|21162.88583098352|3|202211131139
14.0|54.515377,36.255241; 55.916678,37.759264|Расстояние --220 км|217805.10147988796|10862.355058588088|12388.752859339118|3|202211131139
15.0|54.515377,36.255241; 56.816114,35.989053|Расстояние --320 км|319186.55839669704|17435.466850634664|18019.55702417344|3|202211131139
16.0|57.635709,39.882917; 56.997656,41.013123|Расстояние --120 км|121106.22454237938|7031.84068530798|7256.921832606196|3|202211131139
17.0|54.515377,36.255241; 54.589994,39.541647|Расстояние --280 км|278741.084505558|13755.029564000666|17158.57165376842|3|202211131139
18.0|50.595386,36.59158; 52.129588,34.497068|Расстояние --280 км|281359.28514409065|13466.567238911986|15947.028776831925|3|202211131139
19.0|56.11985,40.361872; 54.898235,38.078749|Расстояние --270 км|271758.8013008833|10791.120382353663|13004.601259306073|3|202211131139
20.0|56.11985,40.361872; 56.967841,41.966406|Расстояние --170 км|174653.4415667057|9651.518107131124|11489.392433926463|3|202211131139
21.0|52.603773,39.598627; 54.193702,37.612039|Расстояние --300 км|295339.56393289566|13329.23096691817|16410.64985550195|3|202211131139
22.0|52.603773,39.598627; 54.203525,37.590237|Расстояние --300 км|297264.6821937561|13456.390543155372|16581.19506997615|3|202211131139
23.0|52.603773,39.598627; 54.203856,37.515703|Расстояние --310 км|308112.54897868633|15253.052629306912|16119.585982248187|3|202211131139
24.0|56.11985,40.361872; 54.474303,38.727863|Расстояние --310 км|314141.9697088003|13677.778087988496|15870.75177256763|3|202211131139
25.0|56.11985,40.361872; 54.47357,38.727001|Расстояние --310 км|314155.7208188772|13683.91023477912|15879.857500120997|3|202211131139
26.0|55.773373,37.605786; 54.043499,38.250813|Расстояние --220 км|221452.59712398052|10982.128845974803|11818.44772144407|3|202211131139
27.0|55.773373,37.605786; 54.042431,38.248836|Расстояние --220 км|221557.38856732845|10936.999328613281|11774.249799363315|3|202211131139
28.0|53.237014,34.358826; 53.708027,37.300997|Расстояние --250 км|250956.7495753765|12777.208856999874|16444.20171277225|3|202211131139
29.0|54.515377,36.255241; 55.728398,38.034382|Расстояние --220 км|219320.19082009792|13865.981824465096|13052.417155489326|3|202211131139
30.0|57.635709,39.882917; 56.969038,40.939479|Расстояние --120 км|119019.85430121422|6609.469401985407|7289.508295178413|3|202211131139
31.0|57.635709,39.882917; 56.974003,40.929697|Расстояние --120 км|117959.78791356087|6371.007459551096|7076.127972960472|3|202211131139
32.0|53.237014,34.358826; 55.121216,36.571421|Расстояние --290 км|285461.2691823244|11914.782369084656|16077.223281741142|3|202211131139
33.0|54.515377,36.255241; 55.923942,38.001405|Расстояние --230 км|232403.82605338097|13657.72602135688|13386.03665997088|3|202211131139
34.0|56.11985,40.361872; 55.950539,37.106413|Расстояние --250 км|248850.13680446148|10352.030185595155|12624.59340326488|3|202211131139
35.0|54.515377,36.255241; 55.531132,38.874756|Расстояние --230 км|234136.40167045593|12704.520982302725|14603.564598627388|3|202211131139
36.0|54.515377,36.255241; 56.821814,35.976656|Расстояние --320 км|320136.90161168575|17450.294915851206|18052.58867972344|3|202211131139
37.0|45.037356,41.942107; 47.291017,39.852814|Расстояние --350 км|351473.22438931465|16071.046675279737|20318.115550026298|3|202211131139
38.0|55.789482,49.138726; 53.231031,50.59512|Расстояние --360 км|362041.86930704117|17000.52546966076|23711.37846392393|3|202211131139
39.0|55.347408,86.12764; 54.941901,82.916459|Расстояние --280 км|275731.8240033388|15765.820911161602|15984.212937496603|3|202211131139
41.0|57.635709,39.882917; 57.440839,42.136745|Расстояние --200 км|201827.78051769733|10018.712046574801|11872.73185986653|3|202211131139
42.0|52.603773,39.598627; 54.188228,37.542392|Расстояние --290 км|293290.31291007996|14223.472182519734|16048.371966809034|3|202211131139
40.0|54.515377,36.255241; 56.835446,35.945287|Расстояние --320 км|324259.92253410816|17985.402888473123|18613.31210487336|3|202211131139
43.0|56.11985,40.361872; 55.598217,36.46984|Расстояние --260 км|262875.00451684|14285.6342378892|15488.97918381542|3|202211131139
44.0|54.776482,32.016091; 54.33941,34.548056|Расстояние --250 км|252658.77082586288|11135.320304319263|16377.03508540988|3|202211131139
45.0|54.776482,32.016091; 53.928148,34.556698|Расстояние --280 км|280428.5340218544|13821.003726407886|18372.665879189968|3|202211131139
47.0|54.776482,32.016091; 54.069022,34.228489|Расстояние --240 км|236640.60098564625|11364.542555190623|15335.825162544847|3|202211131139
48.0|57.635709,39.882917; 56.316129,38.132532|Расстояние --190 км|190775.19887161255|10107.781021155417|11817.701275154948|3|202211131139
46.0|54.776482,32.016091; 54.33941,34.548056|Расстояние --250 км|252658.77082586288|11135.320304319263|16377.03508540988|3|202211131139
49.0|52.603773,39.598627; 54.188228,37.542392|Расстояние --290 км|293290.31291007996|14224.422287069261|16048.371966809034|3|202211131139
51.0|54.515377,36.255241; 55.750282,38.00683|Расстояние --220 км|215882.64061796665|13197.816567130387|12574.302260622382|3|202211131139
52.0|54.515377,36.255241; 55.087007,31.970565|Расстояние --370 км|365180.20917487144|16107.519064042717|21950.680579856038|3|202211131139
53.0|54.515377,36.255241; 53.948448,32.850941|Расстояние --270 км|274255.5140699148|11779.826764490455|15560.702056452632|3|202211131139
54.0|54.776482,32.016091; 55.50493,36.027941|Расстояние --290 км|290365.17015480995|12019.979438610375|15914.640468791127|3|202211131139
55.0|51.718076,36.132226; 53.309683,34.308727|Расстояние --310 км|307079.8254442215|15493.83676661551|17743.25639179349|3|202211131139
56.0|56.11985,40.361872; 55.511185,37.565219|Расстояние --210 км|206982.07746338844|13746.721175312996|11828.86583518982|3|202211131139
58.0|54.515377,36.255241; 52.825797,22.784465|Расстояние --1100 км|1109196.8115001917|45323.38039596006|55174.01087382436|3|202211131139
0.0|56.11985,40.361872; 57.465109,40.552827|Расстояние --260 км|255670.34143197536|13141.367004916072|14786.990674454719|4|202211131139
57.0|55.773373,37.605786; 55.214804,34.303436|Расстояние --230 км|233166.8698335886|9979.013011146337|12731.560958445072|3|202211131139
50.0|55.773373,37.605786; 54.01129,38.263784|Расстояние --230 км|225552.2562264204|10738.146084353328|11553.667632840574|3|202211131139
1.0|56.971192,40.974487; 55.754568,37.609586|Расстояние --290 км|294540.8715429306|15475.92287017405|17034.77640964836|4|202211131139
2.0|57.635709,39.882917; 56.824809,41.400594|Расстояние --150 км|152615.75003385544|9361.648943424225|9729.249318093061|4|202211131139
3.0|57.635709,39.882917; 56.828217,41.408652|Расстояние --150 км|152935.10676670074|9327.372856348753|9920.06150996685|4|202211131139
4.0|56.11985,40.361872; 56.965923,41.018989|Расстояние --120 км|118742.58400392532|6248.097122594714|6774.057140871882|4|202211131139
5.0|56.971192,40.974487; 55.531132,38.874756|Расстояние --250 км|253928.6713861227|12413.24408313632|14832.473130255938|4|202211131139
6.0|55.773373,37.605786; 55.083575,33.071001|Расстояние --320 км|318296.02021062374|13480.099455792457|17398.243031591177|4|202211131139
7.0|55.773373,37.605786; 54.811892,32.024257|Расстояние --400 км|397212.9895735979|16434.0054240115|21538.455126687884|4|202211131139
9.0|57.635709,39.882917; 55.818776,37.521354|Расстояние --270 км|266731.54476714134|12651.121546216309|15488.997169420123|4|202211131139
8.0|52.719005,41.451483; 54.009909,38.27434|Расстояние --300 км|300703.30633604527|14732.367845751345|17794.531651951373|4|202211131139
10.0|53.237014,34.358826; 54.157576,37.582071|Расстояние --320 км|322743.6728955507|15693.856883071363|17846.37800785899|4|202211131139
11.0|56.971192,40.974487; 55.568329,37.596758|Расстояние --310 км|314816.57428872585|18662.545806780457|17595.809209391475|4|202211131139
12.0|54.776482,32.016091; 54.781052,35.926916|Расстояние --340 км|339486.2934321165|14679.76635748893|20811.145307332277|4|202211131139
13.0|55.773373,37.605786; 54.76957,32.070511|Расстояние --400 км|400543.69752538204|16819.712989564985|21828.260932847857|4|202211131139
14.0|56.971192,40.974487; 55.916678,37.759264|Расстояние --310 км|312640.6712368727|13856.30342939496|16531.042876422405|4|202211131139
15.0|56.11985,40.361872; 56.816114,35.989053|Расстояние --350 км|347043.99820816517|13498.990448765457|16191.718179680407|4|202211131139
16.0|56.11985,40.361872; 56.997656,41.013123|Расстояние --120 км|120771.68959283829|6529.753365680575|6895.382967486978|4|202211131139
17.0|52.603773,39.598627; 54.589994,39.541647|Расстояние --280 км|276235.32472240925|13248.978179618716|16011.044949509203|4|202211131139
18.0|54.515377,36.255241; 52.129588,34.497068|Расстояние --330 км|328955.68625175953|13245.668691191822|17883.434000879526|4|202211131139
19.0|52.603773,39.598627; 54.898235,38.078749|Расстояние --320 км|318186.30096149445|15667.298276610672|17834.03351738304|4|202211131139
20.0|56.322075,44.009966; 56.967841,41.966406|Расстояние --210 км|213831.9985513687|12486.37229397893|15112.264902606606|4|202211131139
21.0|53.237014,34.358826; 54.193702,37.612039|Расстояние --330 км|326693.822301507|16939.93497865647|18345.309862866998|4|202211131139
22.0|53.237014,34.358826; 54.203525,37.590237|Расстояние --330 км|325451.84058868885|16674.08541946858|18235.63226260245|4|202211131139
23.0|53.237014,34.358826; 54.203856,37.515703|Расстояние --320 км|319484.80824661255|13601.297771595418|18246.633686706424|4|202211131139
24.0|52.603773,39.598627; 54.474303,38.727863|Расстояние --260 км|256513.16944384575|12600.727462634444|14256.472058996558|4|202211131139
25.0|52.603773,39.598627; 54.47357,38.727001|Расстояние --260 км|256526.92055392265|12608.510998651385|14265.577786549926|4|202211131140
26.0|52.719005,41.451483; 54.043499,38.250813|Расстояние --310 км|305273.6913166046|15249.456548132002|18221.134109012783|4|202211131140
27.0|52.719005,41.451483; 54.042431,38.248836|Расстояние --310 км|305378.48275995255|15211.202139861882|18176.936186932027|4|202211131140
28.0|55.773373,37.605786; 53.708027,37.300997|Расстояние --250 км|247989.9615893364|12228.824076786637|11981.053531587124|4|202211131140
29.0|56.971192,40.974487; 55.728398,38.034382|Расстояние --280 км|277444.76055014133|14113.99234379828|16005.829119697213|4|202211131140
30.0|56.11985,40.361872; 56.969038,40.939479|Расстояние --120 км|119834.71945774555|6596.995008692145|7180.033316999674|4|202211131140
31.0|56.11985,40.361872; 56.974003,40.929697|Расстояние --120 км|119075.65307056904|6297.627894535661|6911.5642630159855|4|202211131140
32.0|56.11985,40.361872; 55.121216,36.571421|Расстояние --310 км|310351.01067233086|14240.416978839785|15993.430475071073|4|202211131140
33.0|56.971192,40.974487; 55.923942,38.001405|Расстояние --280 км|279704.8958648443|14155.910567499697|16060.041140064597|4|202211131140
34.0|57.635709,39.882917; 55.950539,37.106413|Расстояние --300 км|297334.07171702385|13253.803144015372|16539.97403679788|4|202211131140
35.0|56.971192,40.974487; 55.531132,38.874756|Расстояние --250 км|253928.6713861227|12419.257612079382|14832.473130255938|4|202211131140
36.0|56.11985,40.361872; 56.821814,35.976656|Расстояние --350 км|347994.3414231539|13500.476426698267|16224.74983523041|4|202211131140
37.0|48.71753,44.526803; 47.291017,39.852814|Расстояние --460 км|461293.25770130754|20575.464380592108|25032.198246397078|4|202211131140
38.0|51.768188,55.101788; 53.231031,50.59512|Расстояние --400 км|402274.96933472157|17821.791699059308|21389.998862579465|4|202211131140
39.0|56.023193,92.793157; 54.941901,82.916459|Расстояние --800 км|795338.4241418242|40157.111346811056|43800.95404120535|4|202211131140
40.0|56.11985,40.361872; 56.835446,35.945287|Расстояние --350 км|352117.3623455763|14048.926486603916|16785.473260380328|4|202211131140
41.0|56.322075,44.009966; 57.440839,42.136745|Расстояние --240 км|240411.60281395912|13302.269683077931|15608.865292817354|4|202211131140
42.0|53.237014,34.358826; 54.188228,37.542392|Расстояние --320 км|320970.071524024|15794.313237540424|17808.929538816214|4|202211131140
43.0|53.237014,34.358826; 55.598217,36.46984|Расстояние --350 км|352763.06265437603|16316.328080289066|19959.48433327675|4|202211131140
44.0|55.773373,37.605786; 54.33941,34.548056|Расстояние --290 км|293238.3119633198|13763.93877074495|16045.454964540899|4|202211131140
45.0|51.718076,36.132226; 53.928148,34.556698|Расстояние --380 км|384489.6628911495|17781.202738650143|21189.961838945746|4|202211131140
46.0|55.773373,37.605786; 54.33941,34.548056|Расстояние --290 км|293238.3119633198|13789.475134763867|16045.454964540899|4|202211131140
47.0|55.773373,37.605786; 54.069022,34.228489|Расстояние --340 км|337410.9417710304|15735.152447592467|18433.88183004409|4|202211131140
48.0|56.971192,40.974487; 56.316129,38.132532|Расстояние --250 км|249582.59378504753|12709.278707534075|14819.501746430993|4|202211131140
49.0|53.237014,34.358826; 54.188228,37.542392|Расстояние --320 км|320970.071524024|15785.752666570246|17808.929538816214|4|202211131140
50.0|52.719005,41.451483; 54.01129,38.263784|Расстояние --300 км|300977.8504867554|14676.02053130418|17743.983733557165|4|202211131140
51.0|56.971192,40.974487; 55.750282,38.00683|Расстояние --280 км|275567.01034247875|13774.954797908664|15654.74578590691|4|202211131140
52.0|55.773373,37.605786; 55.087007,31.970565|Расстояние --410 км|414679.22043573856|17507.170757766813|22621.572172760963|4|202211131140
53.0|51.718076,36.132226; 53.948448,32.850941|Расстояние --440 км|439726.5126516819|20543.721987590194|26641.993038602173|4|202211131140
54.0|53.237014,34.358826; 55.50493,36.027941|Расстояние --330 км|330356.19986724854|15133.46490508318|18704.419003985822|4|202211131140
55.0|54.776482,32.016091; 53.309683,34.308727|Расстояние --240 км|242970.99626922607|11651.820655405521|17684.11661377549|4|202211131140
56.0|56.971192,40.974487; 55.511185,37.565219|Расстояние --320 км|319494.907348156|18878.337988361716|17841.439989328384|4|202211131140
57.0|53.237014,34.358826; 55.214804,34.303436|Расстояние --330 км|331840.0568470955|14709.318265475333|19871.044834449887|4|202211131140
0.0|59.203573,39.844137; 57.465109,40.552827|Расстояние --270 км|267915.3816099167|13054.222307130694|15923.35481980443|5|202211131140
58.0|59.874621,30.329091; 52.825797,22.784465|Расстояние --1100 км|1130435.9509811401|59081.65025103092|70279.98164422065|4|202211131140
1.0|57.635709,39.882917; 55.754568,37.609586|Расстояние --270 км|270901.07628941536|13313.897218100727|15836.060723476112|5|202211131140
2.0|56.322075,44.009966; 56.824809,41.400594|Расстояние --220 км|217355.3719074726|11674.7279894948|14359.173627018929|5|202211131140
3.0|56.322075,44.009966; 56.828217,41.408652|Расстояние --220 км|217107.42873072624|11992.202935606241|14736.874162703753|5|202211131140
4.0|56.322075,44.009966; 56.965923,41.018989|Расстояние --240 км|240573.1411767006|13674.83793245256|16351.250804066658|5|202211131140
5.0|57.635709,39.882917; 55.531132,38.874756|Расстояние --300 км|304610.77632284164|15046.186608031392|18276.76937662065|5|202211131140
6.0|51.718076,36.132226; 55.083575,33.071001|Расстояние --590 км|592568.1076936722|27715.192697510123|35999.264718569815|5|202211131140
7.0|51.718076,36.132226; 54.811892,32.024257|Расстояние --560 км|555804.1772792935|26654.649563349783|34778.535153239965|5|202211131140
8.0|56.11985,40.361872; 54.009909,38.27434|Расстояние --390 км|385226.6415308714|14702.996575936675|18458.615067213774|5|202211131140
9.0|56.971192,40.974487; 55.818776,37.521354|Расстояние --310 км|310391.9399961233|15013.148818999529|17549.509374201298|5|202211131140
10.0|56.11985,40.361872; 54.157576,37.582071|Расстояние --380 км|376322.71451222897|15399.511395148933|17260.30169500783|5|202211131140
11.0|57.635709,39.882917; 55.568329,37.596758|Расстояние --300 км|300299.7790026665|17406.007588855922|16904.913666799664|5|202211131140
12.0|56.11985,40.361872; 54.781052,35.926916|Расстояние --380 км|380292.7648938894|17511.78774364665|20802.909701645374|5|202211131140
13.0|51.718076,36.132226; 54.76957,32.070511|Расстояние --550 км|546555.9851637483|25779.91788379103|34059.87599745393|5|202211131140
14.0|57.635709,39.882917; 55.916678,37.759264|Расстояние --250 км|247290.7762875557|11560.339473977685|14278.488241672516|5|202211131140
15.0|56.971192,40.974487; 56.816114,35.989053|Расстояние --460 км|459556.8280929327|18606.441839911044|22204.292333818972|5|202211131140
16.0|56.322075,44.009966; 56.997656,41.013123|Расстояние --250 км|245720.54675745964|14280.853832289577|16831.10770240426|5|202211131140
17.0|52.719005,41.451483; 54.589994,39.541647|Расстояние --300 км|298617.9896221161|13177.000062651932|16078.216000176966|5|202211131140
18.0|54.776482,32.016091; 52.129588,34.497068|Расстояние --390 км|392145.65545630455|17365.88222514838|25508.04232303053|5|202211131140
19.0|56.971192,40.974487; 54.898235,38.078749|Расстояние --380 км|384271.6311856508|15914.234939023852|19017.17541344464|5|202211131140
20.0|57.635709,39.882917; 56.967841,41.966406|Расстояние --200 км|197084.67661452293|11499.562728583813|12253.674925297499|5|202211131140
21.0|56.11985,40.361872; 54.193702,37.612039|Расстояние --370 км|365982.06403648853|15514.524562694132|17096.13227616623|5|202211131140
22.0|56.11985,40.361872; 54.203525,37.590237|Расстояние --370 км|366764.88229191303|15514.63194982335|17164.617288339883|5|202211131140
23.0|56.11985,40.361872; 54.203856,37.515703|Расстояние --370 км|365917.3495346308|14857.948509018868|16674.371274936944|5|202211131140
24.0|52.719005,41.451483; 54.474303,38.727863|Расстояние --290 км|290572.83474969864|12509.21697896719|15743.340628996491|5|202211131140
25.0|52.719005,41.451483; 54.47357,38.727001|Расстояние --290 км|290586.58585977554|12519.881865620613|15752.446356549859|5|202211131140
26.0|56.11985,40.361872; 54.043499,38.250813|Расстояние --380 км|380806.52656304836|14982.73421613872|18723.364237993956|5|202211131140
27.0|56.11985,40.361872; 54.042431,38.248836|Расстояние --380 км|380911.3180063963|14935.183366283774|18679.1663159132|5|202211131140
28.0|51.718076,36.132226; 53.708027,37.300997|Расстояние --280 км|281921.74972343445|13234.544292837381|16037.41339725256|5|202211131140
29.0|57.635709,39.882917; 55.728398,38.034382|Расстояние --280 км|282661.96534729004|14329.449618399143|16627.820891976357|5|202211131140
30.0|56.322075,44.009966; 56.969038,40.939479|Расстояние --250 км|248527.17663812637|14779.127170562744|17332.75613462925|5|202211131140
31.0|56.322075,44.009966; 56.974003,40.929697|Расстояние --250 км|246856.8102504015|14467.66946683824|17027.878729209304|5|202211131140
32.0|54.776482,32.016091; 55.121216,36.571421|Расстояние --360 км|361377.13919115067|15883.842738695443|20240.586212940514|5|202211131140
33.0|57.635709,39.882917; 55.923942,38.001405|Расстояние --250 км|247305.4006602764|12403.029860466719|14925.225917056203|5|202211131140
34.0|56.971192,40.974487; 55.950539,37.106413|Расстояние --360 км|361362.966689229|15465.411796197295|18637.167557403445|5|202211131140
35.0|57.635709,39.882917; 55.531132,38.874756|Расстояние --300 км|304610.77632284164|15043.387191087008|18276.76937662065|5|202211131140
36.0|56.971192,40.974487; 56.821814,35.976656|Расстояние --460 км|460507.1713079214|18603.064636223018|22237.323989368975|5|202211131140
37.0|50.994147,39.502786; 47.291017,39.852814|Расстояние --490 км|492467.17492592335|19699.742151409388|26714.45590141043|5|202211131140
38.0|51.53317,46.016039; 53.231031,50.59512|Расстояние --460 км|464340.95865666866|21226.964395835996|32097.170392856002|5|202211131140
39.0|55.159912,61.398951; 54.941901,82.916459|Расстояние --1600 км|1568068.0299699306|72470.04429857433|88883.20840834826|5|202211131140
40.0|56.971192,40.974487; 56.835446,35.945287|Расстояние --460 км|464630.1922303438|19141.99840437621|22798.047414518893|5|202211131140
41.0|56.11985,40.361872; 57.440839,42.136745|Расстояние --220 км|216263.34578084946|10720.693619266152|11907.664817720652|5|202211131140
42.0|56.11985,40.361872; 54.188228,37.542392|Расстояние --370 км|372217.0131365061|15278.174590047449|17087.116863328964|5|202211131140
43.0|54.776482,32.016091; 55.598217,36.46984|Расстояние --330 км|329046.7330452204|13889.130192182958|17990.307882219553|5|202211131140
44.0|51.718076,36.132226; 54.33941,34.548056|Расстояние --440 км|444971.90023839474|20492.942874871194|24593.464358866215|5|202211131140
45.0|55.773373,37.605786; 53.928148,34.556698|Расстояние --340 км|344334.475083828|15497.266041558236|19245.954344920814|5|202211131140
46.0|51.718076,36.132226; 54.33941,34.548056|Расстояние --440 км|444971.90023839474|20493.378531821072|24593.464358866215|5|202211131140
47.0|51.718076,36.132226; 54.069022,34.228489|Расстояние --410 км|406481.13020050526|18717.169360272586|22480.336471810937|5|202211131140
48.0|54.515377,36.255241; 56.316129,38.132532|Расстояние --270 км|268521.37912631035|13113.826223388314|15236.422971233726|5|202211131140
49.0|56.11985,40.361872; 54.188228,37.542392|Расстояние --370 км|372217.0131365061|15278.174590047449|17087.116863328964|5|202211131140
50.0|56.11985,40.361872; 54.01129,38.263784|Расстояние --380 км|384906.18566548824|14737.33453400433|18458.58414939046|5|202211131140
51.0|57.635709,39.882917; 55.750282,38.00683|Расстояние --280 км|279224.41514515877|13668.548669688404|16149.705997109413|5|202211131140
52.0|51.718076,36.132226; 55.087007,31.970565|Расстояние --590 км|589038.5081441998|28870.264383651316|37199.47229370475|5|202211131140
53.0|55.773373,37.605786; 53.948448,32.850941|Расстояние --390 км|394250.92506861687|17560.459352511913|23092.263149037957|5|202211131140
54.0|56.11985,40.361872; 55.50493,36.027941|Расстояние --290 км|288666.94160950184|15213.849438797683|16817.715017698705|5|202211131140
56.0|57.635709,39.882917; 55.511185,37.565219|Расстояние --300 км|304978.1120620966|17637.944195993245|17150.544446736574|5|202211131140
55.0|50.595386,36.59158; 53.309683,34.308727|Расстояние --430 км|428392.4257276058|19815.836578216404|24340.393112309277|5|202211131140
57.0|56.11985,40.361872; 55.214804,34.303436|Расстояние --410 км|410870.39922487736|19684.457055475563|23338.9918865934|5|202211131140
58.0|51.718076,36.132226; 52.825797,22.784465|Расстояние --1100 км|1139050.8107385933|52309.101904928684|65546.3376621902|5|202211131140